41.8124     0.179763
55.0148     0.170361
71.6782     0.162044
95.2439     0.150832
131.603     0.141794
169.792     0.133840
230.052     0.125887
317.866     0.117573
474.991     0.108538
675.885     0.0991396
1000.13     0.0904666
1554.02     0.0850543
2299.13     0.0821744
3571.94     0.0811069
5081.23     0.0807598
8129.15     0.0811419
12143.0     0.0840555
18861.8     0.0891432
25051.7     0.0924139
34262.8     0.0974961     
46405.2     0.101854
59263.9     0.106933
79483.5     0.111653
109772     0.118546
148657     0.126524
197415     0.134140
235406     0.141026
