1.000000e+02 2.117070e-01 
1.206793e+02 1.926934e-01 
1.456348e+02 1.752952e-01 
1.757511e+02 1.594458e-01 
2.120951e+02 1.450784e-01 
2.559548e+02 1.321263e-01 
3.088844e+02 1.205227e-01 
3.727594e+02 1.102009e-01 
4.498433e+02 1.010942e-01 
5.428675e+02 9.313577e-02 
6.551286e+02 8.625895e-02 
7.906043e+02 8.039699e-02 
9.540955e+02 7.548314e-02 
1.151395e+03 7.145067e-02 
1.389495e+03 6.823284e-02 
1.676833e+03 6.576291e-02 
2.023590e+03 6.397415e-02 
2.442053e+03 6.279981e-02 
2.947052e+03 6.217317e-02 
3.556480e+03 6.202749e-02 
4.291934e+03 6.229602e-02 
5.179475e+03 6.291204e-02 
6.250552e+03 6.380880e-02 
7.543120e+03 6.491957e-02 
9.102982e+03 6.617761e-02 
1.098541e+04 6.751755e-02 
1.325711e+04 6.890558e-02 
1.599859e+04 7.033942e-02 
1.930698e+04 7.181815e-02 
2.329952e+04 7.334089e-02 
2.811769e+04 7.490671e-02 
3.393222e+04 7.651472e-02 
4.094915e+04 7.816400e-02 
4.941713e+04 7.985366e-02 
5.963623e+04 8.158279e-02 
7.196857e+04 8.335048e-02 
8.685114e+04 8.515582e-02 
1.048113e+05 8.699792e-02 
1.264855e+05 8.887586e-02 
1.526418e+05 9.078874e-02 
1.842070e+05 9.273566e-02 
2.222996e+05 9.471570e-02 
2.682696e+05 9.672797e-02 
3.237458e+05 9.877155e-02 
3.906940e+05 1.008455e-01 
4.714866e+05 1.029490e-01 
5.689866e+05 1.050811e-01 
6.866488e+05 1.072409e-01 
8.286428e+05 1.094275e-01 
1.000000e+06 1.116400e-01 
