0.102553    1.53704e-05    
0.113225    1.62438e-05
0.132132    1.75355e-05
0.154196    1.88496e-05
0.182094    2.02619e-05
0.215892    2.15954e-05
0.253943    2.29190e-05
0.301074    2.41174e-05
0.358369    2.53785e-05
0.421529    2.64793e-05
0.503731    2.73934e-05
0.601964    2.83391e-05
0.713674    2.88227e-05
0.849469    2.91899e-05
1.01110    2.94363e-05
1.21305    2.94330e-05
1.43815    2.94299e-05
1.72537    2.89299e-05
2.05364    2.86816e-05
2.45404    2.78366e-05
2.90936    2.66739e-05
3.46284    2.55597e-05
4.12163    2.47014e-05
4.86700    2.32701e-05
5.74719    2.21092e-05
6.81346    2.08281e-05
8.10949    1.92080e-05
9.50044    1.77897e-05
11.0861    1.67591e-05
12.4835    1.55219e-05
14.7993    1.42538e-05
17.6142    1.28684e-05
20.0714    1.18677e-05
23.6069    1.06234e-05
29.2310    9.23017e-06
34.9283    8.08837e-06
41.2434    7.11809e-06
50.4656    6.05437e-06
58.6535    5.28298e-06
69.5320    4.55133e-06
79.2303    4.05691e-06
87.8147    3.66274e-06
96.5620    3.33515e-06
