10.000000 6.629859 
13.257114 7.636245 
17.575106 8.547881 
23.299518 9.359275 
30.888436 10.071608 
40.949151 10.690277 
54.286754 11.223031 
71.968567 11.678646 
95.409548 12.066042 
126.485522 12.393745 
167.683294 12.669584 
222.299648 12.900560 
294.705170 13.092820 
390.693994 13.251698 
517.947468 13.381791 
686.648845 13.487050 
910.298178 13.570881 
1206.792641 13.636242 
1599.858720 13.685730 
2120.950888 13.721664 
2811.768698 13.746161 
3727.593720 13.761193 
4941.713361 13.768644 
6551.285569 13.770344 
8685.113738 13.770344 
11513.953993 13.770344 
15264.179672 13.770344 
20235.896477 13.770344 
26826.957953 13.770344 
35564.803062 13.770344 
47148.663635 13.770344 
62505.519253 13.770344 
82864.277285 13.770344 
109854.114199 13.770344 
145634.847750 13.770344 
193069.772888 13.770344 
255954.792270 13.770344 
339322.177190 13.770344 
449843.266897 13.770344 
596362.331659 13.770344 
790604.321091 13.770344 
1048113.134155 13.770344 
1389495.494373 13.770344 
1842069.969327 13.770344 
2442053.094549 13.770344 
3237457.542818 13.770344 
4291934.260129 13.770344 
5689866.029018 13.770344 
7543120.063355 13.770344 
10000000.000000 13.770344 
