 1.000000e+08  9.999958e-01
 1.071519e+08  9.999952e-01
 1.148154e+08  9.999945e-01
 1.230269e+08  9.999938e-01
 1.318257e+08  9.999927e-01
 1.412538e+08  9.999918e-01
 1.513561e+08  9.999906e-01
 1.621810e+08  9.999892e-01
 1.737801e+08  9.999877e-01
 1.862087e+08  9.999858e-01
 1.995262e+08  9.999832e-01
 2.137962e+08  9.999814e-01
 2.290868e+08  9.999778e-01
 2.454709e+08  9.999755e-01
 2.630268e+08  9.999718e-01
 2.818383e+08  9.999668e-01
 3.019952e+08  9.999613e-01
 3.235937e+08  9.999554e-01
 3.467369e+08  9.999489e-01
 3.715352e+08  9.999423e-01
 3.981072e+08  9.999360e-01
 4.265795e+08  9.999268e-01
 4.570882e+08  9.999105e-01
 4.897788e+08  9.998989e-01
 5.248075e+08  9.998901e-01
 5.623413e+08  9.998612e-01
 6.025596e+08  9.998558e-01
 6.456542e+08  9.998162e-01
 6.918310e+08  9.998109e-01
 7.413102e+08  9.997527e-01
 7.943282e+08  9.997505e-01
 8.511380e+08  9.996840e-01
 9.120108e+08  9.996315e-01
 9.772372e+08  9.996284e-01
 1.047129e+09  9.995068e-01
 1.122018e+09  9.994131e-01
 1.202264e+09  9.994262e-01
 1.288250e+09  9.993204e-01
 1.380384e+09  9.990652e-01
 1.479108e+09  9.989120e-01
 1.584893e+09  9.989361e-01
 1.698244e+09  9.988856e-01
 1.819701e+09  9.985213e-01
 1.949845e+09  9.979185e-01
 2.089296e+09  9.973942e-01
 2.238721e+09  9.972008e-01
 2.398833e+09  9.972980e-01
 2.570396e+09  9.973461e-01
 2.754229e+09  9.968688e-01
 2.951209e+09  9.954517e-01
 3.162278e+09  9.928743e-01
 3.388442e+09  9.891460e-01
 3.630781e+09  9.844648e-01
 3.890451e+09  9.791413e-01
 4.168694e+09  9.735188e-01
 4.466836e+09  9.679140e-01
 4.786301e+09  9.625803e-01
 5.128614e+09  9.576951e-01
 5.495409e+09  9.533621e-01
 5.888437e+09  9.496229e-01
 6.309573e+09  9.464725e-01
 6.760830e+09  9.438737e-01
 7.244360e+09  9.417711e-01
 7.762471e+09  9.401000e-01
 8.317638e+09  9.387949e-01
 8.912509e+09  9.377930e-01
 9.549926e+09  9.370378e-01
 1.023293e+10  9.364797e-01
 1.096478e+10  9.360768e-01
 1.174898e+10  9.357943e-01
 1.258925e+10  9.356036e-01
 1.348963e+10  9.354822e-01
 1.445440e+10  9.354119e-01
 1.548817e+10  9.353789e-01
 1.659587e+10  9.353722e-01
 1.778279e+10  9.353837e-01
 1.905461e+10  9.354072e-01
 2.041738e+10  9.354381e-01
 2.187762e+10  9.354732e-01
 2.344229e+10  9.355099e-01
 2.511886e+10  9.355468e-01
 2.691535e+10  9.355826e-01
 2.884032e+10  9.356167e-01
 3.090295e+10  9.356485e-01
 3.311311e+10  9.356779e-01
 3.548134e+10  9.357047e-01
 3.801894e+10  9.357291e-01
 4.073803e+10  9.357511e-01
 4.365158e+10  9.357708e-01
 4.677351e+10  9.357884e-01
 5.011872e+10  9.358040e-01
 5.370318e+10  9.358179e-01
 5.754399e+10  9.358302e-01
 6.165950e+10  9.358410e-01
 6.606934e+10  9.358506e-01
 7.079458e+10  9.358590e-01
 7.585776e+10  9.358663e-01
 8.128305e+10  9.358728e-01
 8.709636e+10  9.358785e-01
 9.332543e+10  9.358835e-01
