 1.000000e+08  9.657131e-01
 1.071519e+08  9.616858e-01
 1.148154e+08  9.578826e-01
 1.230269e+08  9.529013e-01
 1.318257e+08  9.486493e-01
 1.412538e+08  9.437066e-01
 1.513561e+08  9.383351e-01
 1.621810e+08  9.318425e-01
 1.737801e+08  9.254471e-01
 1.862087e+08  9.207607e-01
 1.995262e+08  9.134231e-01
 2.137962e+08  9.054810e-01
 2.290868e+08  8.996653e-01
 2.454709e+08  8.933699e-01
 2.630268e+08  8.859400e-01
 2.818383e+08  8.772872e-01
 3.019952e+08  8.711841e-01
 3.235937e+08  8.711416e-01
 3.467369e+08  8.611972e-01
 3.715352e+08  8.519621e-01
 3.981072e+08  8.537242e-01
 4.265795e+08  8.384128e-01
 4.570882e+08  8.404894e-01
 4.897788e+08  8.369171e-01
 5.248075e+08  8.141145e-01
 5.623413e+08  8.336079e-01
 6.025596e+08  8.273893e-01
 6.456542e+08  7.952051e-01
 6.918310e+08  7.921332e-01
 7.413102e+08  8.211218e-01
 7.943282e+08  8.376272e-01
 8.511380e+08  8.136161e-01
 9.120108e+08  7.668500e-01
 9.772372e+08  7.314064e-01
 1.047129e+09  7.247928e-01
 1.122018e+09  7.438434e-01
 1.202264e+09  7.768154e-01
 1.288250e+09  8.133352e-01
 1.380384e+09  8.467961e-01
 1.479108e+09  8.733580e-01
 1.584893e+09  8.909140e-01
 1.698244e+09  8.987371e-01
 1.819701e+09  8.973466e-01
 1.949845e+09  8.882034e-01
 2.089296e+09  8.732325e-01
 2.238721e+09  8.546684e-01
 2.398833e+09  8.343741e-01
 2.570396e+09  8.138052e-01
 2.754229e+09  7.939782e-01
 2.951209e+09  7.755189e-01
 3.162278e+09  7.587481e-01
 3.388442e+09  7.437553e-01
 3.630781e+09  7.305231e-01
 3.890451e+09  7.189395e-01
 4.168694e+09  7.088518e-01
 4.466836e+09  7.000948e-01
 4.786301e+09  6.925061e-01
 5.128614e+09  6.859352e-01
 5.495409e+09  6.802462e-01
 5.888437e+09  6.753197e-01
 6.309573e+09  6.710516e-01
 6.760830e+09  6.673518e-01
 7.244360e+09  6.641427e-01
 7.762471e+09  6.613577e-01
 8.317638e+09  6.589395e-01
 8.912509e+09  6.568389e-01
 9.549926e+09  6.550133e-01
 1.023293e+10  6.534262e-01
 1.096478e+10  6.520461e-01
 1.174898e+10  6.508456e-01
 1.258925e+10  6.498011e-01
 1.348963e+10  6.488923e-01
 1.445440e+10  6.481014e-01
 1.548817e+10  6.474129e-01
 1.659587e+10  6.468136e-01
 1.778279e+10  6.462919e-01
 1.905461e+10  6.458263e-01
 2.041738e+10  6.454089e-01
 2.187762e+10  6.450455e-01
 2.344229e+10  6.447292e-01
 2.511886e+10  6.444537e-01
 2.691535e+10  6.442139e-01
 2.884032e+10  6.440051e-01
 3.090295e+10  6.438232e-01
 3.311311e+10  6.436649e-01
 3.548134e+10  6.435270e-01
 3.801894e+10  6.434069e-01
 4.073803e+10  6.433024e-01
 4.365158e+10  6.432113e-01
 4.677351e+10  6.431320e-01
 5.011872e+10  6.430629e-01
 5.370318e+10  6.430028e-01
 5.754399e+10  6.429504e-01
 6.165950e+10  6.429048e-01
 6.606934e+10  6.428650e-01
 7.079458e+10  6.428304e-01
 7.585776e+10  6.428003e-01
 8.128305e+10  6.427740e-01
 8.709636e+10  6.427512e-01
 9.332543e+10  6.427313e-01
