 1.000000e+08  9.724684e-01
 1.071519e+08  6.327130e-01
 1.148154e+08  1.003012e+00
 1.230269e+08  6.353497e-01
 1.318257e+08  7.564486e-01
 1.412538e+08  1.001622e+00
 1.513561e+08  7.405328e-01
 1.621810e+08  5.532372e-01
 1.737801e+08  7.159365e-01
 1.862087e+08  9.447500e-01
 1.995262e+08  9.966253e-01
 2.137962e+08  8.768780e-01
 2.290868e+08  7.041511e-01
 2.454709e+08  5.740155e-01
 2.630268e+08  5.208235e-01
 2.818383e+08  5.357865e-01
 3.019952e+08  5.938137e-01
 3.235937e+08  6.704787e-01
 3.467369e+08  7.484905e-01
 3.715352e+08  8.181031e-01
 3.981072e+08  8.752337e-01
 4.265795e+08  9.193043e-01
 4.570882e+08  9.515586e-01
 4.897788e+08  9.739691e-01
 5.248075e+08  9.886175e-01
 5.623413e+08  9.973920e-01
 6.025596e+08  1.001872e+00
 6.456542e+08  1.003315e+00
 6.918310e+08  1.002682e+00
 7.413102e+08  1.000696e+00
 7.943282e+08  9.978806e-01
 8.511380e+08  9.946113e-01
 9.120108e+08  9.911502e-01
 9.772372e+08  9.876755e-01
 1.047129e+09  9.843042e-01
 1.122018e+09  9.811094e-01
 1.202264e+09  9.781331e-01
 1.288250e+09  9.753955e-01
 1.380384e+09  9.729020e-01
 1.479108e+09  9.706483e-01
 1.584893e+09  9.686238e-01
 1.698244e+09  9.668142e-01
 1.819701e+09  9.652032e-01
 1.949845e+09  9.637738e-01
 2.089296e+09  9.625090e-01
 2.238721e+09  9.613924e-01
 2.398833e+09  9.604086e-01
 2.570396e+09  9.595432e-01
 2.754229e+09  9.587830e-01
 2.951209e+09  9.581161e-01
 3.162278e+09  9.575315e-01
 3.388442e+09  9.570196e-01
 3.630781e+09  9.565716e-01
 3.890451e+09  9.561798e-01
 4.168694e+09  9.558373e-01
 4.466836e+09  9.555382e-01
 4.786301e+09  9.552769e-01
 5.128614e+09  9.550488e-01
 5.495409e+09  9.548498e-01
 5.888437e+09  9.546761e-01
 6.309573e+09  9.545246e-01
 6.760830e+09  9.543925e-01
 7.244360e+09  9.542773e-01
 7.762471e+09  9.541769e-01
 8.317638e+09  9.540893e-01
 8.912509e+09  9.540130e-01
 9.549926e+09  9.539465e-01
 1.023293e+10  9.538886e-01
 1.096478e+10  9.538380e-01
 1.174898e+10  9.537940e-01
 1.258925e+10  9.537557e-01
 1.348963e+10  9.537223e-01
 1.445440e+10  9.536932e-01
 1.548817e+10  9.536678e-01
 1.659587e+10  9.536457e-01
 1.778279e+10  9.536265e-01
 1.905461e+10  9.536097e-01
 2.041738e+10  9.535951e-01
 2.187762e+10  9.535824e-01
 2.344229e+10  9.535714e-01
 2.511886e+10  9.535617e-01
 2.691535e+10  9.535533e-01
 2.884032e+10  9.535460e-01
 3.090295e+10  9.535396e-01
 3.311311e+10  9.535340e-01
 3.548134e+10  9.535292e-01
 3.801894e+10  9.535250e-01
 4.073803e+10  9.535213e-01
 4.365158e+10  9.535181e-01
 4.677351e+10  9.535153e-01
 5.011872e+10  9.535129e-01
 5.370318e+10  9.535108e-01
 5.754399e+10  9.535090e-01
 6.165950e+10  9.535074e-01
 6.606934e+10  9.535060e-01
 7.079458e+10  9.535048e-01
 7.585776e+10  9.535037e-01
 8.128305e+10  9.535028e-01
 8.709636e+10  9.535020e-01
 9.332543e+10  9.535013e-01
 1.000000e+11  9.535013e-01
