0.000000e+00
0.000000e+00
0.000000e+00
0.000000e+00
0.000000e+00
0.000000e+00
0.000000e+00
0.000000e+00
0.000000e+00
0.000000e+00
0.000000e+00
0.000000e+00
0.000000e+00
0.000000e+00
0.000000e+00
0.000000e+00
0.000000e+00
0.000000e+00
0.000000e+00
0.000000e+00
0.000000e+00
0.000000e+00
0.000000e+00
0.000000e+00
1.394777e+00
0.000000e+00
0.000000e+00
5.000000e+00
5.000000e+00
5.000000e+00
0.000000e+00
0.000000e+00
0.000000e+00
5.000000e+00
5.000000e+00
5.000000e+00
0.000000e+00
5.000000e+00
5.000000e+00
5.000000e+00
5.000000e+00
1.989199e+00
0.000000e+00
0.000000e+00
5.000000e+00
5.000000e+00
5.000000e+00
0.000000e+00
0.000000e+00
5.000000e+00
5.000000e+00
5.000000e+00
8.599707e-01
0.000000e+00
0.000000e+00
5.000000e+00
5.000000e+00
5.000000e+00
0.000000e+00
0.000000e+00
0.000000e+00
5.000000e+00
5.000000e+00
0.000000e+00
0.000000e+00
0.000000e+00
5.000000e+00
3.973225e+00
0.000000e+00
0.000000e+00
0.000000e+00
5.000000e+00
0.000000e+00
0.000000e+00
0.000000e+00
0.000000e+00
0.000000e+00
5.000000e+00
5.000000e+00
5.000000e+00
0.000000e+00
0.000000e+00
0.000000e+00
0.000000e+00
0.000000e+00
0.000000e+00
0.000000e+00
0.000000e+00
5.000000e+00
5.000000e+00
4.888972e-01
0.000000e+00
0.000000e+00
0.000000e+00
0.000000e+00
0.000000e+00
0.000000e+00
0.000000e+00
0.000000e+00
4.479831e-01
0.000000e+00
0.000000e+00
0.000000e+00
0.000000e+00
0.000000e+00
0.000000e+00
0.000000e+00
0.000000e+00
0.000000e+00
0.000000e+00
0.000000e+00
0.000000e+00
0.000000e+00
0.000000e+00
0.000000e+00
0.000000e+00
0.000000e+00
0.000000e+00
0.000000e+00
0.000000e+00
0.000000e+00
