0.000000e+00
0.000000e+00
0.000000e+00
0.000000e+00
0.000000e+00
0.000000e+00
0.000000e+00
0.000000e+00
0.000000e+00
0.000000e+00
0.000000e+00
0.000000e+00
0.000000e+00
0.000000e+00
0.000000e+00
0.000000e+00
0.000000e+00
9.550691e-10
0.000000e+00
0.000000e+00
0.000000e+00
0.000000e+00
0.000000e+00
9.420172e-10
1.499852e+00
0.000000e+00
0.000000e+00
5.000000e+00
5.000000e+00
5.000000e+00
2.371344e-04
0.000000e+00
0.000000e+00
5.000000e+00
5.000000e+00
5.000000e+00
0.000000e+00
5.000000e+00
5.000000e+00
5.000000e+00
5.000000e+00
2.067255e+00
0.000000e+00
0.000000e+00
5.000000e+00
5.000000e+00
5.000000e+00
0.000000e+00
0.000000e+00
5.000000e+00
5.000000e+00
5.000000e+00
1.328570e+00
0.000000e+00
0.000000e+00
5.000000e+00
5.000000e+00
5.000000e+00
0.000000e+00
1.625223e-13
8.504739e-03
5.000000e+00
5.000000e+00
9.657915e-07
0.000000e+00
0.000000e+00
5.000000e+00
4.513820e+00
4.812638e-01
5.565833e-16
2.104135e-01
5.000000e+00
6.211193e-09
1.443455e-09
0.000000e+00
0.000000e+00
0.000000e+00
5.000000e+00
5.000000e+00
5.000000e+00
6.045910e-01
7.294183e-06
0.000000e+00
0.000000e+00
0.000000e+00
0.000000e+00
0.000000e+00
0.000000e+00
5.000000e+00
5.000000e+00
9.599350e-01
0.000000e+00
0.000000e+00
0.000000e+00
0.000000e+00
0.000000e+00
0.000000e+00
0.000000e+00
0.000000e+00
1.162472e+00
0.000000e+00
0.000000e+00
0.000000e+00
0.000000e+00
0.000000e+00
0.000000e+00
0.000000e+00
0.000000e+00
0.000000e+00
0.000000e+00
0.000000e+00
0.000000e+00
0.000000e+00
0.000000e+00
0.000000e+00
0.000000e+00
0.000000e+00
0.000000e+00
0.000000e+00
0.000000e+00
0.000000e+00
