0.000000e+00
0.000000e+00
0.000000e+00
0.000000e+00
0.000000e+00
0.000000e+00
0.000000e+00
0.000000e+00
0.000000e+00
0.000000e+00
0.000000e+00
0.000000e+00
0.000000e+00
0.000000e+00
0.000000e+00
0.000000e+00
0.000000e+00
0.000000e+00
0.000000e+00
0.000000e+00
0.000000e+00
0.000000e+00
0.000000e+00
0.000000e+00
1.399058e+00
0.000000e+00
0.000000e+00
5.000000e+00
5.000000e+00
5.000000e+00
0.000000e+00
0.000000e+00
0.000000e+00
5.000000e+00
5.000000e+00
5.000000e+00
0.000000e+00
5.000000e+00
5.000000e+00
5.000000e+00
5.000000e+00
1.984081e+00
0.000000e+00
0.000000e+00
5.000000e+00
5.000000e+00
5.000000e+00
0.000000e+00
0.000000e+00
5.000000e+00
5.000000e+00
5.000000e+00
8.585977e-01
0.000000e+00
0.000000e+00
5.000000e+00
5.000000e+00
5.000000e+00
0.000000e+00
0.000000e+00
0.000000e+00
5.000000e+00
5.000000e+00
0.000000e+00
0.000000e+00
0.000000e+00
5.000000e+00
3.969169e+00
0.000000e+00
0.000000e+00
0.000000e+00
5.000000e+00
0.000000e+00
0.000000e+00
0.000000e+00
0.000000e+00
0.000000e+00
5.000000e+00
5.000000e+00
5.000000e+00
0.000000e+00
0.000000e+00
0.000000e+00
0.000000e+00
0.000000e+00
0.000000e+00
0.000000e+00
0.000000e+00
5.000000e+00
5.000000e+00
4.853070e-01
0.000000e+00
0.000000e+00
0.000000e+00
0.000000e+00
0.000000e+00
0.000000e+00
0.000000e+00
0.000000e+00
4.502869e-01
0.000000e+00
0.000000e+00
0.000000e+00
0.000000e+00
0.000000e+00
0.000000e+00
0.000000e+00
0.000000e+00
0.000000e+00
0.000000e+00
0.000000e+00
0.000000e+00
0.000000e+00
0.000000e+00
0.000000e+00
0.000000e+00
0.000000e+00
0.000000e+00
0.000000e+00
0.000000e+00
0.000000e+00
